跑一次：
准确率: 0.9371428571428572
分类报告:
               precision    recall  f1-score   support

           0       0.95      0.97      0.96      1381
           1       0.98      0.98      0.98      1575
           2       0.95      0.96      0.96      1398
           3       0.93      0.91      0.92      1428
           4       0.92      0.91      0.91      1365
           5       0.92      0.93      0.93      1263
           6       0.97      0.97      0.97      1375
           7       0.96      0.95      0.95      1459
           8       0.90      0.91      0.90      1365
           9       0.88      0.88      0.88      1391

    accuracy                           0.94     14000
   macro avg       0.94      0.94      0.94     14000
weighted avg       0.94      0.94      0.94     14000

5-fold cross validation
Fold 1 准确率: 0.9354
Fold 2 准确率: 0.9368
Fold 3 准确率: 0.9328
Fold 4 准确率: 0.9408
Fold 5 准确率: 0.9385

平均准确率: 0.9368
总体分类报告:
               precision    recall  f1-score   support

           0       0.96      0.96      0.96      6903
           1       0.98      0.98      0.98      7877
           2       0.95      0.95      0.95      6990
           3       0.93      0.90      0.92      7141
           4       0.92      0.91      0.92      6824
           5       0.92      0.93      0.93      6313
           6       0.96      0.97      0.96      6876
           7       0.95      0.95      0.95      7293
           8       0.90      0.91      0.91      6825
           9       0.89      0.89      0.89      6958

    accuracy                           0.94     70000
   macro avg       0.94      0.94      0.94     70000
weighted avg       0.94      0.94      0.94     70000

dim20
平均准确率: 0.9751
总体分类报告:
               precision    recall  f1-score   support

           0       0.99      0.99      0.99      6903
           1       0.99      0.99      0.99      7877
           2       0.97      0.98      0.98      6990
           3       0.97      0.96      0.97      7141
           4       0.97      0.98      0.97      6824
           5       0.97      0.97      0.97      6313
           6       0.98      0.99      0.98      6876
           7       0.97      0.97      0.97      7293
           8       0.97      0.97      0.97      6825
           9       0.96      0.96      0.96      6958

    accuracy                           0.98     70000
   macro avg       0.97      0.97      0.97     70000
weighted avg       0.98      0.98      0.98     70000

dim30
Fold 1 准确率: 0.9802
Fold 2 准确率: 0.9818
Fold 3 准确率: 0.9791
Fold 4 准确率: 0.9819
Fold 5 准确率: 0.9808

平均准确率: 0.9807
总体分类报告:
               precision    recall  f1-score   support

           0       0.99      0.99      0.99      6903
           1       0.99      0.99      0.99      7877
           2       0.98      0.98      0.98      6990
           3       0.98      0.97      0.98      7141
           4       0.98      0.98      0.98      6824
           5       0.98      0.98      0.98      6313
           6       0.99      0.99      0.99      6876
           7       0.98      0.98      0.98      7293
           8       0.98      0.98      0.98      6825
           9       0.97      0.97      0.97      6958

    accuracy                           0.98     70000
   macro avg       0.98      0.98      0.98     70000
weighted avg       0.98      0.98      0.98     70000

Fold 1 准确率: 0.9804
Fold 2 准确率: 0.9815
Fold 3 准确率: 0.9801
Fold 4 准确率: 0.9820
Fold 5 准确率: 0.9806

with_scaler
平均准确率: 0.9809
总体分类报告:
               precision    recall  f1-score   support

           0       0.99      0.99      0.99      6903
           1       0.99      0.99      0.99      7877
           2       0.98      0.98      0.98      6990
           3       0.98      0.97      0.98      7141
           4       0.98      0.98      0.98      6824
           5       0.98      0.98      0.98      6313
           6       0.99      0.99      0.99      6876
           7       0.98      0.98      0.98      7293
           8       0.97      0.97      0.97      6825
           9       0.97      0.97      0.97      6958

    accuracy                           0.98     70000
   macro avg       0.98      0.98      0.98     70000
weighted avg       0.98      0.98      0.98     70000

Fold 1 准确率: 0.9824
Fold 2 准确率: 0.9841
Fold 3 准确率: 0.9810
Fold 4 准确率: 0.9828
Fold 5 准确率: 0.9824

dim50
平均准确率: 0.9826
总体分类报告:
               precision    recall  f1-score   support

           0       0.99      0.99      0.99      6903
           1       0.99      0.99      0.99      7877
           2       0.98      0.98      0.98      6990
           3       0.98      0.97      0.98      7141
           4       0.98      0.98      0.98      6824
           5       0.98      0.98      0.98      6313
           6       0.99      0.99      0.99      6876
           7       0.98      0.98      0.98      7293
           8       0.97      0.98      0.97      6825
           9       0.98      0.97      0.98      6958

    accuracy                           0.98     70000
   macro avg       0.98      0.98      0.98     70000
weighted avg       0.98      0.98      0.98     70000

dim50 with f1-score
F1分数（macro）：0.9823
Fold 1 准确率: 0.9824
F1分数（macro）：0.9832
Fold 2 准确率: 0.9841
F1分数（macro）：0.9824
Fold 3 准确率: 0.9810
F1分数（macro）：0.9825
Fold 4 准确率: 0.9828
F1分数（macro）：0.9824
Fold 5 准确率: 0.9824

平均准确率: 0.9826
总体分类报告:
               precision    recall  f1-score   support

           0       0.99      0.99      0.99      6903
           1       0.99      0.99      0.99      7877
           2       0.98      0.98      0.98      6990
           3       0.98      0.97      0.98      7141
           4       0.98      0.98      0.98      6824
           5       0.98      0.98      0.98      6313
           6       0.99      0.99      0.99      6876
           7       0.98      0.98      0.98      7293
           8       0.97      0.98      0.97      6825
           9       0.98      0.97      0.98      6958

    accuracy                           0.98     70000
   macro avg       0.98      0.98      0.98     70000
weighted avg       0.98      0.98      0.98     70000